0.000000	1.000000
0.500020	2.000000
0.900140	3.000000
0.900250	4.000000
1.300260	5.000000
1.300370	6.000000
1.300470	7.000000
1.300580	8.000000
1.700380	9.000000
1.700490	10.000000
1.700590	11.000000
1.700700	12.000000
1.700810	13.000000
1.700910	14.000000
1.701020	15.000000
1.701130	16.000000
2.400120	17.000000
2.400230	18.000000
2.400330	19.000000
2.400440	20.000000
2.400550	20.050000
2.400680	20.100000
2.400820	20.150000
2.400940	20.199000
2.401040	20.249000
2.401160	20.298000
2.401270	20.347000
2.401370	20.397000
2.401490	20.446000
2.401600	20.494000
2.401720	20.543000
2.401820	20.592000
2.800240	20.641000
2.800350	20.689000
2.800450	20.737000
2.800560	20.786000
2.800670	20.834000
2.800770	20.882000
2.800880	20.930000
2.800990	20.977000
2.801090	21.025000
2.801200	21.073000
2.801310	21.120000
2.801410	21.167000
2.801520	21.215000
2.801630	21.262000
2.801730	21.309000
2.801840	21.356000
2.801950	21.403000
2.802050	21.449000
2.802160	21.496000
2.802260	21.542000
3.200360	21.589000
3.200470	21.635000
3.200570	21.681000
3.200680	21.727000
3.200790	21.773000
3.200890	21.819000
3.201000	21.865000
3.201110	21.911000
3.201210	21.957000
3.201320	22.002000
3.201430	22.048000
3.201530	22.093000
3.201640	22.138000
3.201750	22.183000
3.201850	22.228000
3.201960	22.273000
3.202060	22.318000
3.202170	22.363000
3.202280	22.408000
3.202380	22.453000
3.752380	1.000000
